000000000000000000000000000000000000000000000000000000000000000000000000000000000000000000000000000000000000000000000000000000000000000000000000000000000000000000000000000000000000000000000000000000000000000000000000000000000000000000000000001111100000000000000000000000000000000000000000000000000000
000000000000000000000000000000000000000000000000000000000000000000000000000000000000000000000000000000000000000000000000000000000000000000000000000000000000000000000000000000000000000000000000000000000000000000000000000000000000000000000000011111111100000000000000000000000000000000000000000000000000
000000000000000000000000000000000000000000000000000000000000000000000000001111111000000000000000000000000000000000000000000000000000000000000000000000000000000000000000000000000000000000000000000000000000000000000000000000000000000000000000111111111111000000000000000000000000000000000000000000000000
000000000000000000000000000000000000000000000000000000000000000000000000011111111110000000000000000000000000000000000000000000000000000000000000000000000000000000000000000000000000000000000000000000000000000000000000000000000000000000000000011111111111110000000000000000000000000000000000000000000000
000000000000000000000000000000000000000000000000000000000000000000000000011111111111100000000000000000000000000000000000000000000000000000000000000000000000000000000000000000000000000000000000000000000000000000000000000000000000000000000000011111111111111000000000000000000000000000000000000000000000
000000000000000000000000000001111111100000000000000000000000000000000000011111111111110000000000000000000000000000000000000000000000000000000000000000000000000000000000000000000000000000000000000000000000000000000000000000000000000000000000011111111111111100000000000000000000000000000000000000000000
000000000000000000000000000001111111111000000000000000000000000000000000011111111111111100000000000000000000000000000000000000000000000000000000000000000000000000000000000000000000000000000000000000000000000000000000000000000000000000000000001111111111111110000000000000000000000000000000000000000000
000000000000000000000000000011111111111110000000000000000000000000000000001111111111111100000000000000000000000000000000000000000000000000000000000000000000000000000000000000000000000000000000000000000111000000000000000000000000000000000000001111111111111110000000000000000000000000000000000000000000
000000000000000000000000000011111111111111100000000000000000000000000000001111111111111110000000000011110000000000000000000000000000000000000000000000000000000000000000000000000000000000000000000000111111111111000000000000000000000000000000001111111111111110000000000000000000000000000000000000000000
000000000000000000000000000001111111111111110000000000000000000000000000000111111111111111000000001111111111000000000000000000000000000000000000000000000000000000000000000000000000000000000000000000111111111111110000000000000000000000000000001111111111111110000000000000000000000000000000000000000000
000000000000000000000000000001111111111111111000000000000000000000000000000111111111111111000000001111111111110000000000000000000000000000000000000000000000000000000000000000000000000000000000000000111111111111111100000000000000000000000000001111111111111110000000000000000000000000000000000000000000
000000000000000000000000000000111111111111111100000000000000000000000000000111111111111111100000011111111111111100000000000000000000000000000000000000000000000000000000000000000000000000000000000000111111111111111110000000000000000000000000001111111111111110000000000000000000000000000000000000000000
000000000000000000000000000000011111111111111100000000000000000000000000000111111111111111100000011111111111111110000000000000000000000000000000000000000000000000000000000000000000000000000000000000011111111111111110000000000000000000000000001111111111111110000000000000000000000000000000000000000000
000000000000000000000000000000011111111111111100000000000000000000000000000111111111111111000000011111111111111111000000000000000000000000000000000000000000000000000000000000000000000000000000000000011111111111111111000000000000000000000000001111111111111110000000000000000000000000000000000000000000
000000000000000000000000000000001111111111111100000000000000000000000000001111111111111111000000001111111111111111100000000000000000000000000000000000000000000000000000000000000000000000000000000000001111111111111111000000000000000000000000001111111111111100000000000000000000000000000000000000000000
000000000000000000000000000000000111111111111100000000000000000000000000001111111111111111000000000111111111111111110000000000000000000000000000000000000000000000000000000000000000000000000000000000000111111111111111000000000000000000000000011111111111111100000011111111000000000000000000000000000000
000000000000000000000000000000000111111111111100000000000000000000000000001111111111111110000000000111111111111111110000000000000000000000000000000000000000000000000000000000000000000000000000000000000011111111111111100000000000000000000000011111111111111100000111111111111000000000000000000000000000
000000000000000000000000000000000111111111111100000000000000000000000000011111111111111110000000000011111111111111110000000000000000000000000000000000000000000000000000000000000000000000000000000000000011111111111111100000000000000000000000011111111111111000011111111111111111000000000000000000000000
000000000000000000000000000000000111111111111100000000000000000000000000011111111111111100000000000011111111111111110000000000000000000000000000000000000000000000000000000000000000000000000000000000000001111111111111100000000000000000000000011111111111110001111111111111111111100000000000000000000000
000000000000000000000000000000000111111111111100000000000000000000000000011111111111111100000000000011111111111111110000000000000000000000000000000000000000000000000000000000000000000000000000000000000001111111111111100000000000000000000000111111111111111111111111111111111111110000000000000000000000
000000000000000000000000000000000111111111111100000000000000000000000000111111111111111100000000000011111111111111100000000000000000000000000000000000000000000000000000000000000000000000000000000000000001111111111111100000000000000000000000111111111111111111111111111111111111111000000000000000000000
000000000000000000000000000000000111111111111100000000000000000000000000111111111111111000000000000011111111111111100000000000000000000000000000000000000000000000000000000000000000000000000000000000000000111111111111100001111100000000000000111111111111111111111111111111111111111000000000000000000000
000000000000000000000000000000000111111111111100000000000000000000000001111111111111111000000000000011111111111111000000000000000000000000000000000000000000000000000000000000000000000000000000000000000000111111111111111111111110000000000000111111111111111111111111111111111111111000000000000000000000
000000000000000000000000000000000111111111111100000000000000000000000001111111111111110000000000000111111111111110000000000000000000000000000000000000000000000000000000000000000000000000000000000000000000111111111111111111111110000000000001111111111111111111111111111111111111111000000000000000000000
000000000000000000000000000000000111111111111100000000000000000000000001111111111111110000000000000111111111111110000000000000000000000000000000000000000000000000000000000000000000000000000000000000000000111111111111111111111110000000000001111111111111111111111111111111111111110000000000000000000000
000000000000000000000000000000000111111111111100000000000000000000000011111111111111100000000000000111111111111100000000000000000000000000000000000000000000000000000000000000000000000000000000000000000000111111111111111111111100000000000001111111111111111111111111111111111111000000000000000000000000
000000000000000000000000000000000111111111111000000000000000000000000011111111111111100000000000000111111111111100000000000000000000000000000000000000000000000000000000000000000000000000000000000000000011111111111111111111110000000000000001111111111111111111111111111111100000000000000000000000000000
000000000000000000000000000000000111111111111000000000000000000000000111111111111111000000000000000111111111111000000000000000000000000000000000000000000000000000000000000000000000000000000000000000001111111111111111111111100000000000000011111111111111111111111111100000000000000000000000000000000000
000000000000000000000000000000000111111111111000000000000000000000000111111111111111000000000000000111111111111000000000000000000000000000000000000000000000000000000000000000000000000000000000000011111111111111111111111110000000000000000011111111111111111111000000000000000000000000000000000000000000
000000000000000000000000000000000111111111111000000000000000000000001111111111111110000000000000001111111111110000000000000000000000000000000000000000000000000000000000000000000000000000000111111111111111111111111111111000000000000000000011111111111000000000000000000000000000000000000000000000000000
000000000000000000000000000000000111111111111000000000000000000000001111111111111110000000000000001111111111110000000000000000000000000000000000000000000000000000000000000000000000001111111111111111111111111111111111110000000000000000000111111111110000000000000000000000000000000000000000000000000000
000000000000000000000000000000000111111111111000000000000000000000011111111111111100000000000000001111111111100000000000000000000000000000000000000000000000000000000000000000000000001111111111111111111111111111111111110000000000000000000111111111100000000000000000000000000000000000000000000000000000
000000000000000000000000000000000111111111111000000000000000000000011111111111111100000000000000001111111111100000000000010000000000000000000000000000000000000000000000000000000000001111111111111111111111111111111111111000000000000000000111111111100000000000000000000000000000000000000000000000000000
000000000000000000000000000000000111111111111000000000000000000000111111111111111000000000000000001111111111000000000001111111100000000000000000000000000000000000000000000000000000001111111111111111111111111111111111111000000000000000001111111111000000000000000000000000000000000000000000000000000000
000000000000000000000000000000000111111111111000000000000000000000111111111111110000000000000000001111111110000000000111111111111100000000000000000000000000000000000000000000000000000111111111111111111111111111111111111000000000000000001111111110000000000000000000000000000000000000000000000000000000
000000000000000000000000000000000111111111111000111111100000000001111111111111110000000000000000001111111110000000011111111111111111000000000000000000000000000000000000000000000000000011111111111111111111111111111111111000000000000000001111111110000000000000000000000000000000000000000000000000000000
000000000000000000000000000000000111111111111011111111111000000001111111111111100000000000000000011111111100000001111111111111111111110000000000000000000000000000000000000000000000000011111111111111111111110011111111111000000000000000001111111100000000000000000000000000000000000000000000000000000000
000000000000000000000000000000000111111111111111111111111100000011111111111111100000000000000000011111111100000111111111111111111111110000000000000000000000000000000000000000000000000001111111111111111111000001111111111000000000000000011111111000000000000000000000000000000000000000000000000000000000
000000000000000000000000000000000111111111111111111111111110000011111111111111000000000000000000011111111101111111111111111111111111111000000000000000000000000000000000000000000000000000111111111111111000000001111111111000000000000000011111110000000000001111111111000000000000000000000000000000000000
000000000000000000000000000000000111111111111111111111111110000011111111111111000000000000000000011111111111111111111111111111111111111000000000000000000000000000000000000000000000000000001111111111100000000001111111111000000000000000011111110000000000111111111111111000000000000000000000000000000000
000000000000000000000000000000000111111111111111111111111110000111111111111110000000000000000000111111111111111111111111111111111111111000000000000000000000000000000000000000000000000000000111111110000000000001111111111000000000000000011111100000000001111111111111111111000000000000000000000000000000
000000000000000000000000000000000111111111111111111111111110001111111111111110000000000000000001111111111111111111111111111111111111111000000000000000000000000000000000000000000000000000000000000000000000000000111111111000000000000000011110000000001111111111111111111111111000000000000000000000000000
000000000000000000000000000000111111111111111111111111111110001111111111111111000000000000001111111111111111111111111111111111111111111000000000000000000000000000000000000000000000000000000000000000000000000000111111111000000000000000011100000011111111111111111111111111111100000000000000000000000000
000000000000000000000000000111111111111111111111111111111100011111111111111111000000000011111111111111111111111111111111111111111111100000000000000000000000000000000000000000000000000000000000000000000000000000011111111000000000000000000000011111111111111111111111111111111110000000000000000000000000
000000000000000000000001111111111111111111111111111111100000011111111111111111100001111111111111111111111111111111111111111111100000000000000000000000000000000000000000000000000000000000000000000000000000000000011111110000000000000000000111111111111111111111111111111111111111000000000000000000000000
000000000000000000011111111111111111111111111111111100000000111111111111111111111111111111111111111111111111111111111111110000000000000000000000000000000000000000000000000000000000000000000000000000000000000000000111100000000000000011111111111111111111111111111111111111111111100000000000000000000000
000000000000000011111111111111111111111111111111000000000000111111111111111111111111111111111111111111111111111111110000000000000000000000000000000000000000000000000000000000000000000000000000000000000000000000000000000000000000111111111111111111111111111111111111111111111111100000000000000000000000
000000000000111111111111111111111111111111110000000000000001111111111111111111111111111111111111111111111111111100000000000000000000000000000000000000000000000000000000000000000000000000000000000000000000000000000000000000111111111111111111111111111111111111111111111111111111000000000000000000000000
000000000011111111111111111111111111111111110000000000000001111111111111111111111111111111111111111111111111111000000000000000000000000000000000000000000000000000000000000000000000000000000000000000000000000000000000011111111111111111111111111111111111111111111111111111111111000000000000000000000000
000000001111111111111111111111111111111111110000000000000011111111111111111111111111111111111111111111111111110000000000000000000000000000000000000000000000000000000000000000000000000000000000000000000000000000000111111111111111111111111111111111111111111111111111111111111110000000000000000000000000
000000001111111111111111111111111111111111110000000000000011111111111111111111111111111111111101111111111111110000000000000000000000000000000000000000000000000000000000000000000000000000000000000000000000000111111111111111111111111111111111111111111111111111111111111111100000000000000000000000000000
000000001111111111111111111111111111111111110000000000000111111111111011111111111111111110000000111111111111110000000000000000000000000000000000000000000000000000000000000000000000000000000000000000000011111111111111111111111111111111111111111111111111111111110000000000000000000000000000000000000000
000000001111111111111111111110011111111111110000000000001111111111110011111111111111100000000000111111111111110000000000000000000000000000000000000000000000000000000000000000000000000000000000000000111111111111111111111111111111111111111111111111111111111000000000000000000000000000000000000000000000
000000000011111111111111100000011111111111110000000000001111111111100011111111111000000000000000111111111111110000000000000000000000000000000000000000000000000000000000000000000000000000000000111111111111111111111111111111111111111111111111111111111111111100000000000000000000000000000000000000000000
000000000000111111111100000000011111111111110000000000011111111111100011111111111000000000000000111111111111110000000000000000000000000000000000000000000000000000000000000000000000000000011111111111111111111111111111111111111111111111000000000111111111111110000000000000000000000000000000000000000000
000000000000000110000000000000111111111111110000000000011111111111000011111111111000000000000000111111111111110000000000000000000000000000000000000000000000000000000000000000000000000001111111111111111111111111111111111111111111100000000000000111111111111110000000000000000000000000000000000000000000
000000000000000000000000000000111111111111110000000000111111111110000011111111111000000000000000111111111111110000011110000000000000000000000000000000000000000000000000000000000000000001111111111111111111111111111111111111000000000000000000000111111111111111000000000000000000000000000000000000000000
000000000000000000000000000001111111111111110000000001111111111100000011111111111000000000000000111111111111111001111111110000000000000000000000000000000000000000000000000000000000000001111111111111111111111111111111110000000000000000000000000011111111111111000000000000000000000000000000000000000000
000000000000000000000000000001111111111111110000000001111111111000000011111111111000000000000000111111111111111111111111111100000000000000000000000000000000000000000000000000000000000001111111111111111111111111111111100000000000000000000000000011111111111111000000000000000000000000000000000000000000
000000000000000000000000000001111111111111110000000011111111110000000011111111111000000000000000111111111111111111111111111110000000000000000000000000000000000000000000000000000000000000111111111111111111111111111111110000000000000000000000000011111111111111100000000000000000000000000000000000000000
000000000000000000000000000011111111111111110000000011111111100000000011111111111000000000000000111111111111111111111111111111000000000000000000000000000000000000000000000000000000000000001111111111111111111111111111110000000000000000000000000011111111111111100000000000000000000000000000000000000000
000000000000000000000000000011111111111111110000000111111111100000000011111111111100000000000000111111111111111111111111111111000000000000000000000000000000000000000000000000000000000000000011111111100001111111111111110000000000001111111100000111111111111111100000000000000000000000000000000000000000
000000000000000000000000000011111111111111111111111111111110000000000011111111111100000000000000111111111111111111111111111111000000000000000000000000000000000000000000000000000000000000000000000000000000111111111111110000000001111111111111110111111111111111100000000000000000000000000000000000000000
000000000000000000000000000111111111111111111111111111111110000000000011111111111100000000000111111111111111111111111111111111000000000000000000000000000000000000000000000000000000000000000000000000000000111111111111110000000111111111111111111111111111111111100000000000000000000000000000000000000000
000000000000000000000000000111111111111111111111111111111100000000000011111111111100000000111111111111111111111111111111111110000000000000000000000000000000000000000000000000000000000000000000000000000000111111111111110000011111111111111111111111111111111111100000000000000000000000000000000000000000
000000000000000000000000001111111111111111111111111111111000000000000011111111111100001111111111111111111111111111111111111000000000000000000000000000000000000000000000000000000000000000000000000000000000011111111111111011111111111111111111111111111111111111100000000000000000000000000000000000000000
000000000000000000000000001111111111111111111111111111111000000000000011111111111101111111111111111111111111111111111111000000000000000000000000000000000000000000000000000000000000000000000000000000000000011111111111111111111111111111111111111111111111111111100000000000000000000000000000000000000000
000000000000000000000000011111111111111111111111111111111100000000000011111111111111111111111111111111111111111111110000000000000000000000000000000000000000000000000000000000000000000000000000000000000000011111111111111111111111111111111111111111111111111111100000000000000000000000000000000000000000
000000000000000000000000011111111111111111111111111111111100000000000011111111111111111111111111111111111111111000000000000000000000000000000000000000000000000000000000000000000000000000000000000000000000011111111111111111111111111111111111111111111111111111100000000000000000000000000000000000000000
000000000000000000000000011111111111111111111111111111111100000000000011111111111111111111111111111111111111111000000000000000000000000000000000000000000000000000000000000000000000000000000000000000000000011111111111111111111111111111111110000111111111111111100000000000000000000000000000000000000000
000000000000000000000000111111111111111111111111111111111110000000000011111111111111111111111111111111111111110000000000000000000000000000000000000000000000000000000000000000000000000000000000000000000000011111111111111111111111111111110000000111111111111111100000000000000000000000000000000000000000
000000000000000000000000111111111111111111111111111111111110000000000011111111111100111111111111111111111111110000000000000000000000000000000000000000000000000000000000000000000000000000000000000000000000011111111111111111111111111000000000000011111111111111100000000000000000000000000000000000000000
000000000000000000000001111111111111111111111111111111111110000000000011111111111100000000000000111111111111110000000000000000000000000000000000000000000000000000000000000000000000000000000000000000000000011111111111111111111100000000000000000011111111111111100000000000000000000000000000000000000000
000000000000000000000001111111111111111111110111111111111110000000000011111111111100000000000000111111111111110000000000000000000000000000000000000000000000000000000000000000000000000000000000000000000000011111111111111111100000000000000000000011111111111111100000000000000000000000000000000000000000
000000000000000000000011111111111111111111110011111111111110000000000011111111111100000000000000111111111111110000000000000000000000000000000000000000000000000000000000000000000000000000000000000000000000011111111111111000000000000000000000000011111111111111100000000000000000000000000000000000000000
000000000000000000000011111111111111111111110001111111111111000000000011111111111100000000000000111111111111110000000000000000000000000000000000000000000000000000000000000000000000000000000000000000000000011111111111111000000000000000000000000011111111111111100000000000000000000000000000000000000000
000000000000000000000111111111111111111111110000111111111111000000000011111111111100000000000000111111111111110000000000000000000000000000000000000000000000000000000000000000000000000000000000000000000000011111111111110000000000000000000000000011111111111111100000000000000000000000000000000000000000
000000000000000000000111111111111111111111110000011111111110000000000011111111111100000000000000111111111111110001111111110000000000000000000000000000000000000000000000000000000000000000000000000000000000011111111111110000000000000000000000000011111111111111100000000000000000000000000000000000000000
000000000000000000001111111111111111111111110000001111111110000000000011111111111100000000000000111111111111111011111111111111000000000000000000000000000000000000000000000000000000000000000000000000000000011111111111110000000000000000000000000011111111111111100000000000000000000000000000000000000000
000000000000000000001111111111111111111111110000000111111110000000000011111111111000000000000000111111111111111111111111111111100000000000000000000000000000000000000000000000000000000000000000000000000000011111111111110000000000000000111000000011111111111111100000000000000000000000000000000000000000
000000000000000000011111111111111111111111110000000011111100000000000011111111111000000000000000111111111111111111111111111111111000000000000000000000000000000000000000000000000000000000000000000000000000011111111111110000000000001111111111100011111111111111100000000000000000000000000000000000000000
000000000000000000011111111111111111111111110000000000111000000000000011111111111000000000000000111111111111111111111111111111111000000000000000000000000000000000000000000000000000000000000000000000000000011111111111110000000000111111111111111111111111111111100000000000000000000000000000000000000000
000000000000000000111111111111111111111111110000000000000000000000000111111111111000000000000000111111111111111111111111111111111100000000000000000000000000000000000000000000000000000000000000000000000000011111111111111000000011111111111111111111111111111111100000000000000000000000000000000000000000
000000000000000001111111111111111111111111110000000000000000000000000111111111111000000000000011111111111111111111111111111111111100000000000000000000000000000000000000000000000000000000000000000000000000011111111111111111111111111111111111111111111111111111100000000000000000000000000000000000000000
000000000000000001111111111111001111111111110000000000000000000000000111111111111000000011111111111111111111111111111111111111111000000000000000000000000000000000000000000000000000000000000000000000000000011111111111111111111111111111111111111111111111111111100000000000000000000000000000000000000000
000000000000000011111111111111001111111111110000000000000000000000000111111111111000001111111111111111111111111111111111111111100000000000000000000000000000000000000000000000000000000000000000000000000000011111111111111111111111111111111111111111111111111111100000000000000000000000000000000000000000
000000000000000011111111111110001111111111110000000000000000000000000111111111111000111111111111111111111111111111111111100000000000000000000000000000000000000000000000000000000000000000000000000000000000011111111111111111111111111111111111111111111111111111100000000000000000000000000000000000000000
000000000000000111111111111100001111111111110000000000000000000000000111111111111001111111111111111111111111111111000000000000000000000000000000000000000000000000000000000000000000000000000000000000000000011111111111111111111111111111111111100011111111111111100000000000000000000000000000000000000000
000000000000001111111111111000011111111111110000000000000000000000000111111111111001111111111111111111111111111000000000000000000000000000000000000000000000000000000000000000000000000000000000000000000000011111111111111111111111111111111110000011111111111111100000000000000000000000000000000000000000
000000000000001111111111110000011111111111110000000000000000000000000111111111111000111111111111111111111111110000000000000000000000000000000000000000000000000000000000000000000000000000000000000000000000011111111111111111111111111111000000000011111111111111100000000000000000001111111100000000000000
000000000000011111111111100000011111111111110000000000000000000000000111111111111000011111111111111111111111110000000000000000000000000000000000000000000000000000000000000000000000000000000000000000000000011111111111111111111111000000000000000011111111111111100000000000000001111111111111110000000000
000000000000011111111111000000011111111111110000000000000000000000000111111111111000000111111110111111111111110000000000000000000000000000000000000000000000000000000000000000000000000000000000000000000000011111111111111111100000000000000000000011111111111111100000000000000111111111111111111100000000
000000000000111111111110000000011111111111110000000000000000000000000111111111111000000000000000111111111111110000000000000000000000000000000000000000000000000000000000000000000000000000000000000000000000011111111111111000000000000000000000000011111111111111100000000000111111111111111111111111000000
000000000001111111111100000000011111111111110000000000000000000000000111111111111000000000000000111111111111110000000000000000000000000000000000000000000000000000000000000000000000000000000000000000000000001111111111110000000000000000000000000011111111111111100000001111111111111111111111111111100000
000000000001111111111100000000011111111111110000000000000000000000000111111111111000000000000000111111111111110000000000000000000000000000000000000000000000000000000000000000000000000000000000000000000000001111111111110000000000000000000000000011111111111111100001111111111111111111111111111111111000
000000000011111111111000000000011111111111110000000000000000000000000111111111111000000000000000111111111111110000000000000000000000000000000000000000000000000000000000000000000000000000000000000000000000001111111111110000000000000000000000000111111111111111111111111111111111111111111111111111111100
000000000111111111110000000000011111111111110000000000000000000000001111111111111000000000000000111111111111110000000000000000000000000000000000000000000000000000000000000000000000000000000000000000000000001111111111110000000000000000000000000111111111111111111111111111111111111111111111111111111110
000000001111111111100000000000011111111111110000000000000000000000001111111111111000000000000000111111111111110000000000000000000000000000000000000000000000000000000000000000000000000000000000000000000000001111111111110000000000000000000000111111111111111111111111111111111111111111111111111111111110
000000001111111111000000000000011111111111110000000000000000000000001111111111111000000000000000111111111111110000000000000000000000000000000000000000000000000000000000000000000000000000000000000000000000001111111111110000000000000000011111111111111111111111111111111111111111111111111111111111111111
000000011111111110000000000000011111111111100000000000000000000000001111111111111000000000000000111111111111110000000000000000000000000000000000000000000000000000000000000000000000000000000000000000000000001111111111111000000000111111111111111111111111111111111111111111111111111111111111111111111111
000000111111111100000000000000011111111111100000000000000000000000001111111111111000000000000000111111111111110000000000000000011111111000000000000000000000000000000000000000000000000000000000000000000000001111111111111000011111111111111111111111111111111111111111111111111111111111111111111111111111
000000111111111000000000000000011111111111100000000000000000000000001111111111111000000000000000111111111111110000000000000000111111111110000000000000000000000000000000000000000000000000000000000000000000001111111111111111111111111111111111111111111111111111111111111111111111111111111111111111111110
000001111111110000000000000000011111111111100000000000000000000000001111111111111000000000000000111111111111110000000000000111111111111111110000000000000000000000000000000000000000000000000000000000000000001111111111111111111111111111111111111111111111111111111111111111111111111111111111111111111000
000011111111100000000000000000011111111111100000000000000000000000001111111111111000000000000000111111111111110000000000111111111111111111111100000000000000000000000000000000000000000000000000000000000000001111111111111111111111111111111111111111111111111111111111111111111111111111111111111100000000
000111111111000000000000000000011111111111100000000000000000000000001111111111111000000000000000111111111111110000001111111111111111111111111110000000000000000000000000000000000000000000000000000000000000111111111111111111111111111111111111111111111111111111111111111100000000000000000000000000000000
001111111110000000000000000000011111111111100000000000000000000000001111111111111000000000000000111111111111111111111111111111111111111111111111000000000000000000000000000000000000000000000000000000111111111111111111111111111111111111111111111111111111111111100000000000000000000000000000000000000000
001111111100000000000000000000011111111111100000000000000000000000001111111111111000000000000000111111111111111111111111111111111111111111111111100000000000000000000000000000000000000000000000001111111111111111111111111111111111111111111111111111111111111111000000000000000000000000000000000000000000
011111111000000000000000000000011111111111100000000000000000000000011111111111111000000000000000111111111111111111111111111111111111111111111111110000000000000000000000000000000000000000000111111111111111111111111111111111111111111111111110000111111111111111000000000000000000000000000000000000000000
011111110000000000000000000000111111111111100000000000000000000000011111111111111000000000000111111111111111111111111111111111111111111111111111110000000000000000000000000000000000000111111111111111111111111111111111111111111111110000000000000111111111111111000000000000000000000000000000000000000000
111111100000000000000000000000111111111111100000000000000000000000011111111111111000000011111111111111111111111111111111111111111111111111111111110000000000000000000000000000000001111111111111111111111111111111111111111111111000000000000000000011111111111111000000000000000000000000000000000000000000
111110000000000000000000000000111111111111100000000000000000000000011111111111111111111111111111111111111111111111111111111111111111111111111111110000000000000000000000000000111111111111111111111111111111111111111111111100000000000000000000000011111111111111000000000000000000000000000000000000000000
011100000000000000000000000000111111111111100000000000000000000000011111111111111111111111111111111111111111111111111111111111111111111111111111100000000000000000000000001111111111111111111111111111111111111111111100000000000000000000000000000011111111111111000000000000000000000000000000000000000000
000000000000000000000000000000111111111111100000000000000000000000011111111111111111111111111111111111111111111111111111111111111111111111111000000000000000000000000000001111111111111111111111111111111111111111000000000000000000000000000000000011111111111111000000000000000000000000000000000000000000
000000000000000000000000000000111111111111100000000000000000000000011111111111111111111111111111111111111111111111111111111111111000000000000000000000000000000000000000001111111111111111111111111111111111100000000000000000000000000000000000000011111111111111000000000000000000000000000000000000000000
000000000000000000000000000000111111111111100000000000000000000000011111111111111111111111111111111111111111111111000000000000000000000000000000000000000000000000000000001111111111111111111111111111110000000000000000000000000000000000000000000011111111111111000000000000000000000000000000000000000000
000000000000000000000000000001111111111111100000000000000000000000111111111111111111111111111111111111111100000000000000000000000000000000000000000000000000000000000000000111111111111111111111111100000000000000000000000000000000000000000000000011111111111111000000000000000000000000000000000000000000
000000000000000000000000000001111111111111100000000000000000000000111111111111111111111111111111111000000000000000000000000000000000000000000000000000000000000000000000000011111111111111111111000000000000000000000000000000000000000000000000000011111111111111000000000000000000000000000000000000000000
000000000000000000000000000001111111111111100000000000000000000000111111111111111111111111000000000000000000000000000000000000000000000000000000000000000000000000000000000000111111111111100000000000000000000000000000000000000000000000000000000011111111111111000000000000000000000000000000000000000000
000000000000000000000000000001111111111111100000000000000000000000111111111111111111000000000000000000000000000000000000000000000000000000000000000000000000000000000000000000001111111000000000000000000000000000000000000000000000000000000000000011111111111110000000000000000000000000000000000000000000
000000000000000000000000000001111111111111100000000000000000000000111111111111111000000000000000000000000000000000000000000000000000000000000000000000000000000000000000000000000011000000000000000000000000000000000000000000000000000000000000000011111111111110000000000000000000000000000000000000000000
000000000000000000000000000001111111111111100000000000000000000000111111111111111000000000000000000000000000000000000000000000000000000000000000000000000000000000000000000000000000000000000000000000000000000000000000000000000000000000000000000011111111111110000000000000000000000000000000000000000000
000000000000000000000000000001111111111111100000000000000000000000111111111111111000000000000000000000000000000000000000000000000000000000000000000000000000000000000000000000000000000000000000000000000000000000000000000000000000000000000000000011111111111110000000000000000000000000000000000000000000
000000000000000000000000000011111111111111100000000000000000000000111111111111111000000000000000000000000000000000000000000000000000000000000000000000000000000000000000000000000000000000000000000000000000000000000000000000000000000000000000000011111111111110000000000000000000000000000000000000000000
000000000000000000000000000011111111111111100000000000000000000000111111111111111000000000000000000000000000000000000000000000000000000000000000000000000000000000000000000000000000000000000000000000000000000000000000000000000000000000000000000011111111111110000000000000000000000000000000000000000000
000000000000000000000000000011111111111111100000000000000000000000111111111111110000000000000000000000000000000000000000000000000000000000000000000000000000000000000000000000000000000000000000000000000000000000000000000000000000000000000000000011111111111110000000000000000000000000000000000000000000
000000000000000000000000000001111111111111100000000000000000000000111111111111110000000000000000000000000000000000000000000000000000000000000000000000000000000000000000000000000000000000000000000000000000000000000000000000000000000000000000000011111111111110000000000000000000000000000000000000000000
000000000000000000000000000001111111111111100000000000000000000000111111111111110000000000000000000000000000000000000000000000000000000000000000000000000000000000000000000000000000000000000000000000000000000000000000000000000000000000000000000011111111111110000000000000000000000000000000000000000000
000000000000000000000000000001111111111111100000000000000000000000111111111111110000000000000000000000000000000000000000000000000000000000000000000000000000000000000000000000000000000000000000000000000000000000000000000000000000000000000000000011111111111110000000000000000000000000000000000000000000
000000000000000000000000000001111111111111100000000000000000000000011111111111110000000000000000000000000000000000000000000000000000000000000000000000000000000000000000000000000000000000000000000000000000000000000000000000000000000000000000000011111111111110000000000000000000000000000000000000000000
000000000000000000000000000000111111111111100000000000000000000000011111111111110000000000000000000000000000000000000000000000000000000000000000000000000000000000000000000000000000000000000000000000000000000000000000000000000000000000000000000011111111111110000000000000000000000000000000000000000000
000000000000000000000000000000111111111111100000000000000000000000011111111111110000000000000000000000000000000000000000000000000000000000000000000000000000000000000000000000000000000000000000000000000000000000000000000000000000000000000000000011111111111110000000000000000000000000000000000000000000
000000000000000000000000000000011111111111100000000000000000000000011111111111110000000000000000000000000000000000000000000000000000000000000000000000000000000000000000000000000000000000000000000000000000000000000000000000000000000000000000000011111111111110000000000000000000000000000000000000000000
000000000000000000000000000000011111111111100000000000000000000000001111111111110000000000000000000000000000000000000000000000000000000000000000000000000000000000000000000000000000000000000000000000000000000000000000000000000000000000000000000001111111111110000000000000000000000000000000000000000000
000000000000000000000000000000001111111111100000000000000000000000001111111111110000000000000000000000000000000000000000000000000000000000000000000000000000000000000000000000000000000000000000000000000000000000000000000000000000000000000000000001111111111110000000000000000000000000000000000000000000
000000000000000000000000000000001111111111000000000000000000000000001111111111110000000000000000000000000000000000000000000000000000000000000000000000000000000000000000000000000000000000000000000000000000000000000000000000000000000000000000000001111111111110000000000000000000000000000000000000000000
000000000000000000000000000000000111111111000000000000000000000000000111111111110000000000000000000000000000000000000000000000000000000000000000000000000000000000000000000000000000000000000000000000000000000000000000000000000000000000000000000001111111111110000000000000000000000000000000000000000000
000000000000000000000000000000000011111110000000000000000000000000000111111111100000000000000000000000000000000000000000000000000000000000000000000000000000000000000000000000000000000000000000000000000000000000000000000000000000000000000000000001111111111110000000000000000000000000000000000000000000
000000000000000000000000000000000001111100000000000000000000000000000011111111100000000000000000000000000000000000000000000000000000000000000000000000000000000000000000000000000000000000000000000000000000000000000000000000000000000000000000000001111111111110000000000000000000000000000000000000000000
000000000000000000000000000000000000000000000000000000000000000000000011111111100000000000000000000000000000000000000000000000000000000000000000000000000000000000000000000000000000000000000000000000000000000000000000000000000000000000000000000001111111111100000000000000000000000000000000000000000000
000000000000000000000000000000000000000000000000000000000000000000000001111111000000000000000000000000000000000000000000000000000000000000000000000000000000000000000000000000000000000000000000000000000000000000000000000000000000000000000000000001111111111100000000000000000000000000000000000000000000
000000000000000000000000000000000000000000000000000000000000000000000000011110000000000000000000000000000000000000000000000000000000000000000000000000000000000000000000000000000000000000000000000000000000000000000000000000000000000000000000000001111111111100000000000000000000000000000000000000000000
000000000000000000000000000000000000000000000000000000000000000000000000000000000000000000000000000000000000000000000000000000000000000000000000000000000000000000000000000000000000000000000000000000000000000000000000000000000000000000000000000001111111111100000000000000000000000000000000000000000000
000000000000000000000000000000000000000000000000000000000000000000000000000000000000000000000000000000000000000000000000000000000000000000000000000000000000000000000000000000000000000000000000000000000000000000000000000000000000000000000000000001111111111100000000000000000000000000000000000000000000
000000000000000000000000000000000000000000000000000000000000000000000000000000000000000000000000000000000000000000000000000000000000000000000000000000000000000000000000000000000000000000000000000000000000000000000000000000000000000000000000000001111111111100000000000000000000000000000000000000000000
000000000000000000000000000000000000000000000000000000000000000000000000000000000000000000000000000000000000000000000000000000000000000000000000000000000000000000000000000000000000000000000000000000000000000000000000000000000000000000000000000000111111111000000000000000000000000000000000000000000000
000000000000000000000000000000000000000000000000000000000000000000000000000000000000000000000000000000000000000000000000000000000000000000000000000000000000000000000000000000000000000000000000000000000000000000000000000000000000000000000000000000111111111000000000000000000000000000000000000000000000
000000000000000000000000000000000000000000000000000000000000000000000000000000000000000000000000000000000000000000000000000000000000000000000000000000000000000000000000000000000000000000000000000000000000000000000000000000000000000000000000000000011111110000000000000000000000000000000000000000000000
000000000000000000000000000000000000000000000000000000000000000000000000000000000000000000000000000000000000000000000000000000000000000000000000000000000000000000000000000000000000000000000000000000000000000000000000000000000000000000000000000000001111100000000000000000000000000000000000000000000000
000000000000000000000000000000000000000000000000000000000000000000000000000000000000000000000000000000000000000000000000000000000000000000000000000000000000000000000000000000000000000000000000000000000000000000000000000000000000000000000000000000000010000000000000000000000000000000000000000000000000